3,2
3,1
3,3
10,2
10,1
10,3
11,2
9,2
9,1
9,3
8,2
8,1
8,3
0,316
46,11
46,10
46,9
46,8
46,7
46,6
46,5
46,4
46,3
46,1
45,8
45,7
45,6
45,5
45,4
45,3
45,1
44,127
44,126
44,125
44,124
44,123
44,122
44,121
44,120
44,119
44,118
44,117
44,116
44,115
44,114
44,113
44,112
44,111
44,110
44,109
44,108
44,107
44,99
44,98
44,94
44,93
44,92
44,91
44,90
44,89
44,88
44,87
44,86
44,85
44,84
44,83
44,82
44,81
44,80
44,79
44,78
44,77
44,76
44,75
44,74
44,73
44,72
44,71
44,70
44,69
44,68
44,67
44,66
44,65
44,64
44,10
44,5
44,4
44,3
44,2
44,1
44,0
42,5
42,3
42,1
41,5
41,3
41,1
36,5
36,4
36,3
2,2
2,1
2,3
36,1
35,4
35,3
35,1
20,3
20,2
20,1
19,3
19,2
19,1
18,3
18,1
17,3
17,2
17,1
